
P=10;
T=523;
Pc=111.3;
Tc=407.5;
R=0.082054;
a=(27*R*R*Tc*Tc)/(64*Pc);
b=(R*Tc)/(8*Pc);


